0000000000000100000
0000000100000100000
0000001000000100000
0000001100000000100
0000001100100100000
0000010000100100000
0000010100100100000
0000011000100000100
0000011001000100000
0000011101000100000
0000100001000100000
0000100101000000100
0000100101100100000
0000101001100100000
0000101101100100000
0000110001100000100
0000110010000100000
0000110110000100000
0000111010000100000
0000111110000000100
0000111110100100000
0001000010100100000
0001000110100100000
0001001010100000100
0001001011000100000
0001001111000100000
0001010011000100000
0001010111000000100
0001010111100100000
0001011011100100000
0001011111100100000
0001100011100000100
0001100100000100000
0001101000000100000
0001101100000100000
0001110000000000100
0001110000100100000
0001110100100100000
0001111000100100000
0001111100100000100
0001111101000100000
0010000001000100000
0010000101000100000
0010001001000000100
0010001001100100000
0010001101100100000
0010010001100100000
0010010101100000100
0010010110000100000
0010011010000100000
0010011110000100000
0010100010000000100
0010100010100100000
0010100110100100000
0010101010100100000
0010101110100000100
0010101111000100000
0010110011000100000
0010110111000100000
0010111011000000100
0010111011100100000
0010111111100100000
0011000011100100000
0011000111100000100
0011001000000100000
0011001100000100000
0011010000000100000
0011010100000000100
0011010100100100000
0011011000100100000
0011011100100100000
0011100000100000100
0011100001000100000
0011100101000100000
0011101001000100000
0011101101000000100
0011101101100100000
0011110001100100000
0011110101100100000
0011111001100000100
0011111010000100000
0011111110000100000
0100000010000100000
0100000110000000100
0100000110100100000
0100001010100100000
0100001110100100000
0100010010100000100
0100010011000100000
0100010111000100000
0100011011000100000
0100011111000000100
0100011111100100000
0100100011100100000
0100100111100100000
0100101011100000100
0100101100000100000
0100110000000100000
0100110100000100000
0100111000000000100
0100111000100100000
0100111100100100000
0101000000100100000
0101000100100000100
0101000101000100000
0101001001000100000
0101001101000100000
0101010001000000100
0101010001100100000
0101010101100100000
0101011001100100000
0101011101100000100
0101011110000100000
0101100010000100000
0101100110000100000
0101101010000000100
0101101010100100000
0101101110100100000
0101110010100100000
0101110110100000100
0101110111000100000
0101111011000100000
0101111111000100000
0110000011000000100
0110000011100100000
0110000111100100000
0110001011100100000
0110001111100000100
0110010000000100000
0110010100000100000
0110011000000100000
0110011100000000100
0110011100100100000
0110100000100100000
0110100100100100000
0110101000100000100
0110101001000100000
0110101101000100000
0110110001000100000
0110110101000000100
0110110101100100000
0110111001100100000
0110111101100100000
0111000001100000100
0111000010000100000
0111000110000100000
0111001010000100000
0111001110000000100
0111001110100100000
0111010010100100000
0111010110100100000
0111011010100000100
0111011011000100000
0111011111000100000
0111100011000100000
0111100111000000100
0111100111100100000
0111101011100100000
0111101111100100000
0111110011100000100
0111110100000100000
0111111000000100000
0111111100000100000
1000000000000000100
1000000000100100000
1000000100100100000
1000001000100100000
1000001100100000100
1000001101000100000
1000010001000100000
1000010101000100000
1000011001000000100
1000011001100100000
1000011101100100000
1000100001100100000
1000100101100000100
1000100110000100000
1000101010000100000
1000101110000100000
1000110010000000100
1000110010100100000
1000110110100100000
1000111010100100000
1000111110100000100
1000111111000100000
1001000011000100000
1001000111000100000
1001001011000000100
1001001011100100000
1001001111100100000
1001010011100100000
1001010111100000100
1001011000000100000
1001011100000100000
1001100000000100000
1001100100000000100
1001100100100100000
1001101000100100000
1001101100100100000
1001110000100000100
1001110001000100000
1001110101000100000
1001111001000100000
1001111101000000100
1001111101100100000
1010000001100100000
1010000101100100000
1010001001100000100
1010001010000100000
1010001110000100000
1010010010000100000
1010010110000000100
1010010110100100000
1010011010100100000
1010011110100100000
1010100010100000100
1010100011000100000
1010100111000100000
1010101011000100000
1010101111000000100
1010101111100100000
1010110011100100000
1010110111100100000
1010111011100000100
1010111100000100000
1011000000000100000
1011000100000100000
1011001000000000100
1011001000100100000
1011001100100100000
1011010000100100000
1011010100100000100
1011010101000100000
1011011001000100000
1011011101000100000
1011100001000000100
1011100001100100000
1011100101100100000
1011101001100100000
1011101101100000100
1011101110000100000
1011110010000100000
1011110110000100000
1011111010000000100
1011111010100100000
1011111110100100000
1100000010100100000
1100000110100000100
1100000111000100000
1100001011000100000
1100001111000100000
1100010011000000100
1100010011100100000
1100010111100100000
1100011011100100000
1100011111100000100
0000000000000100000
0000000100000100000
0000001000000100000
0000001100000000100
0000001100100100000
0000010000100100000
0000010100100100000
0000011000100000100
0000011001000100000
0000011101000100000
0000100001000100000
0000100101000000100
0000100101100100000
0000101001100100000
0000101101100100000
0000110001100000100
0000110010000100000
0000110110000100000
0000111010000100000
0000111110000000100
0000111110100100000
0001000010100100000
0001000110100100000
0001001010100000100
0001001011000100000
0001001111000100000
0001010011000100000
0001010111000000100
0001010111100100000
0001011011100100000
0001011111100100000
0001100011100000100
0001100100000100000
0001101000000100000
0001101100000100000
0001110000000000100
0001110000100100000
0001110100100100000
0001111000100100000
0001111100100000100
0001111101000100000
0010000001000100000
0010000101000100000
0010001001000000100
0010001001100100000
0010001101100100000
0010010001100100000
0010010101100000100
0010010110000100000
0010011010000100000
0010011110000100000
0010100010000000100
0010100010100100000
0010100110100100000
0010101010100100000
0010101110100000100
0010101111000100000
0010110011000100000
0010110111000100000
0010111011000000100
0010111011100100000
0010111111100100000
0011000011100100000
0011000111100000100
0011001000000100000
0011001100000100000
0011010000000100000
0011010100000000100
0011010100100100000
0011011000100100000
0011011100100100000
0011100000100000100
0011100001000100000
0011100101000100000
0011101001000100000
0011101101000000100
0011101101100100000
0011110001100100000
0011110101100100000
0011111001100000100
0011111010000100000
0011111110000100000
0100000010000100000
0100000110000000100
0100000110100100000
0100001010100100000
0100001110100100000
0100010010100000100
0100010011000100000
0100010111000100000
0100011011000100000
0100011111000000100
0100011111100100000
0100100011100100000
0100100111100100000
0100101011100000100
0100101100000100000
0100110000000100000
0100110100000100000
0100111000000000100
0100111000100100000
0100111100100100000
0101000000100100000
0101000100100000100
0101000101000100000
0101001001000100000
0101001101000100000
0101010001000000100
0101010001100100000
0101010101100100000
0101011001100100000
0101011101100000100
0101011110000100000
0101100010000100000
0101100110000100000
0101101010000000100
0101101010100100000
0101101110100100000
0101110010100100000
0101110110100000100
0101110111000100000
0101111011000100000
0101111111000100000
0110000011000000100
0110000011100100000
0110000111100100000
0110001011100100000
0110001111100000100
0110010000000100000
0110010100000100000
0110011000000100000
0110011100000000100
0110011100100100000
0110100000100100000
0110100100100100000
0110101000100000100
0110101001000100000
0110101101000100000
0110110001000100000
0110110101000000100
0110110101100100000
0110111001100100000
0110111101100100000
0111000001100000100
0111000010000100000
0111000110000100000
0111001010000100000
0111001110000000100
0111001110100100000
0111010010100100000
0111010110100100000
0111011010100000100
0111011011000100000
0111011111000100000
0111100011000100000
0111100111000000100
0111100111100100000
0111101011100100000
0111101111100100000
0111110011100000100
0111110100000100000
0111111000000100000
0111111100000100000
1000000000000000100
1000000000100100000
1000000100100100000
1000001000100100000
1000001100100000100
1000001101000100000
1000010001000100000
1000010101000100000
1000011001000000100
1000011001100100000
1000011101100100000
1000100001100100000
1000100101100000100
1000100110000100000
1000101010000100000
1000101110000100000
1000110010000000100
1000110010100100000
1000110110100100000
1000111010100100000
1000111110100000100
1000111111000100000
1001000011000100000
1001000111000100000
1001001011000000100
1001001011100100000
1001001111100100000
1001010011100100000
1001010111100000100
1001011000000100000
1001011100000100000
1001100000000100000
1001100100000000100
1001100100100100000
1001101000100100000
1001101100100100000
1001110000100000100
1001110001000100000
1001110101000100000
1001111001000100000
1001111101000000100
1001111101100100000
1010000001100100000
1010000101100100000
1010001001100000100
1010001010000100000
1010001110000100000
1010010010000100000
1010010110000000100
1010010110100100000
1010011010100100000
1010011110100100000
1010100010100000100
1010100011000100000
1010100111000100000
1010101011000100000
1010101111000000100
1010101111100100000
1010110011100100000
1010110111100100000
1010111011100000100
1010111100000100000
1011000000000100000
1011000100000100000
1011001000000000100
1011001000100100000
1011001100100100000
1011010000100100000
1011010100100000100
1011010101000100000
1011011001000100000
1011011101000100000
1011100001000000100
1011100001100100000
1011100101100100000
1011101001100100000
1011101101100000100
1011101110000100000
1011110010000100000
1011110110000100000
1011111010000000100
1011111010100100000
1011111110100100000
1100000010100100000
1100000110100000100
1100000111000100000
1100001011000100000
1100001111000100000
1100010011000000100
1100010011100100000
1100010111100100000
1100011011100100000
1100011111100000100
0000000000000100000
0000000100000100000
0000001000000100000
0000001100000000100
0000001100100100000
0000010000100100000
0000010100100100000
0000011000100000100
0000011001000100000
0000011101000100000
0000100001000100000
0000100101000000100
0000100101100100000
0000101001100100000
0000101101100100000
0000110001100000100
0000110010000100000
0000110110000100000
0000111010000100000
0000111110000000100
0000111110100100000
0001000010100100000
0001000110100100000
0001001010100000100
0001001011000100000
0001001111000100000
0001010011000100000
0001010111000000100
0001010111100100000
0001011011100100000
0001011111100100000
0001100011100000100
0001100100000100000
0001101000000100000
0001101100000100000
0001110000000000100
0001110000100100000
0001110100100100000
0001111000100100000
0001111100100000100
0001111101000100000
0010000001000100000
0010000101000100000
0010001001000000100
0010001001100100000
0010001101100100000
0010010001100100000
0010010101100000100
0010010110000100000
0010011010000100000
0010011110000100000
0010100010000000100
0010100010100100000
0010100110100100000
0010101010100100000
0010101110100000100
0010101111000100000
0010110011000100000
0010110111000100000
0010111011000000100
0010111011100100000
0010111111100100000
0011000011100100000
0011000111100000100
0011001000000100000
0011001100000100000
0011010000000100000
0011010100000000100
0011010100100100000
0011011000100100000
0011011100100100000
0011100000100000100
0011100001000100000
0011100101000100000
0011101001000100000
0011101101000000100
0011101101100100000
0011110001100100000
0011110101100100000
0011111001100000100
0011111010000100000
0011111110000100000
0100000010000100000
0100000110000000100
0100000110100100000
0100001010100100000
0100001110100100000
0100010010100000100
0100010011000100000
0100010111000100000
0100011011000100000
0100011111000000100
0100011111100100000
0100100011100100000
0100100111100100000
0100101011100000100
0100101100000100000
0100110000000100000
0100110100000100000
0100111000000000100
0100111000100100000
0100111100100100000
0101000000100100000
0101000100100000100
0101000101000100000
0101001001000100000
0101001101000100000
0101010001000000100
0101010001100100000
0101010101100100000
0101011001100100000
0101011101100000100
0101011110000100000
0101100010000100000
0101100110000100000
0101101010000000100
0101101010100100000
0101101110100100000
0101110010100100000
0101110110100000100
0101110111000100000
0101111011000100000
0101111111000100000
0110000011000000100
0110000011100100000
0110000111100100000
0110001011100100000
0110001111100000100
0110010000000100000
0110010100000100000
0110011000000100000
0110011100000000100
0110011100100100000
0110100000100100000
0110100100100100000
0110101000100000100
0110101001000100000
0110101101000100000
0110110001000100000
0110110101000000100
0110110101100100000
0110111001100100000
0110111101100100000
0111000001100000100
0111000010000100000
0111000110000100000
0111001010000100000
0111001110000000100
0111001110100100000
0111010010100100000
0111010110100100000
0111011010100000100
0111011011000100000
0111011111000100000
0111100011000100000
0111100111000000100
0111100111100100000
0111101011100100000
0111101111100100000
0111110011100000100
0111110100000100000
0111111000000100000
0111111100000100000
1000000000000000100
1000000000100100000
1000000100100100000
1000001000100100000
1000001100100000100
1000001101000100000
1000010001000100000
1000010101000100000
1000011001000000100
1000011001100100000
1000011101100100000
1000100001100100000
1000100101100000100
1000100110000100000
1000101010000100000
1000101110000100000
1000110010000000100
1000110010100100000
1000110110100100000
1000111010100100000
1000111110100000100
1000111111000100000
1001000011000100000
1001000111000100000
1001001011000000100
1001001011100100000
1001001111100100000
1001010011100100000
1001010111100000100
1001011000000100000
1001011100000100000
1001100000000100000
1001100100000000100
1001100100100100000
1001101000100100000
1001101100100100000
1001110000100000100
1001110001000100000
1001110101000100000
1001111001000100000
1001111101000000100
1001111101100100000
1010000001100100000
1010000101100100000
1010001001100000100
1010001010000100000
1010001110000100000
1010010010000100000
1010010110000000100
1010010110100100000
1010011010100100000
1010011110100100000
1010100010100000100
1010100011000100000
1010100111000100000
1010101011000100000
1010101111000000100
1010101111100100000
1010110011100100000
1010110111100100000
1010111011100000100
1010111100000100000
1011000000000100000
1011000100000100000
1011001000000000100
1011001000100100000
1011001100100100000
1011010000100100000
1011010100100000100
1011010101000100000
1011011001000100000
1011011101000100000
1011100001000000100
1011100001100100000
1011100101100100000
1011101001100100000
1011101101100000100
1011101110000100000
1011110010000100000
1011110110000100000
1011111010000000100
1011111010100100000
1011111110100100000
1100000010100100000
1100000110100000100
1100000111000100000
1100001011000100000
1100001111000100000
1100010011000000100
1100010011100100000
1100010111100100000
1100011011100100000
1100011111100000100
0000000000000100000
0000000100000100000
0000001000000100000
0000001100000000100
0000001100100100000
0000010000100100000
0000010100100100000
0000011000100000100
0000011001000100000
0000011101000100000
0000100001000100000
0000100101000000100
0000100101100100000
0000101001100100000
0000101101100100000
0000110001100000100
0000110010000100000
0000110110000100000
0000111010000100000
0000111110000000100
0000111110100100000
0001000010100100000
0001000110100100000
0001001010100000100
0001001011000100000
0001001111000100000
0001010011000100000
0001010111000000100
0001010111100100000
0001011011100100000
0001011111100100000
0001100011100000100
0001100100000100000
0001101000000100000
0001101100000100000
0001110000000000100
0001110000100100000
0001110100100100000
0001111000100100000
0001111100100000100
0001111101000100000
0010000001000100000
0010000101000100000
0010001001000000100
0010001001100100000
0010001101100100000
0010010001100100000
0010010101100000100
0010010110000100000
0010011010000100000
0010011110000100000
0010100010000000100
0010100010100100000
0010100110100100000
0010101010100100000
0010101110100000100
0010101111000100000
0010110011000100000
0010110111000100000
0010111011000000100
0010111011100100000
0010111111100100000
0011000011100100000
0011000111100000100
0011001000000100000
0011001100000100000
0011010000000100000
0011010100000000100
0011010100100100000
0011011000100100000
0011011100100100000
0011100000100000100
0011100001000100000
0011100101000100000
0011101001000100000
0011101101000000100
0011101101100100000
0011110001100100000
0011110101100100000
0011111001100000100
0011111010000100000
0011111110000100000
0100000010000100000
0100000110000000100
0100000110100100000
0100001010100100000
0100001110100100000
0100010010100000100
0100010011000100000
0100010111000100000
0100011011000100000
0100011111000000100
0100011111100100000
0100100011100100000
0100100111100100000
0100101011100000100
0100101100000100000
0100110000000100000
0100110100000100000
0100111000000000100
0100111000100100000
0100111100100100000
0101000000100100000
0101000100100000100
0101000101000100000
0101001001000100000
0101001101000100000
0101010001000000100
0101010001100100000
0101010101100100000
0101011001100100000
0101011101100000100
0101011110000100000
0101100010000100000
0101100110000100000
0101101010000000100
0101101010100100000
0101101110100100000
0101110010100100000
0101110110100000100
0101110111000100000
0101111011000100000
0101111111000100000
0110000011000000100
0110000011100100000
0110000111100100000
0110001011100100000
0110001111100000100
0110010000000100000
0110010100000100000
0110011000000100000
0110011100000000100
0110011100100100000
0110100000100100000
0110100100100100000
0110101000100000100
0110101001000100000
0110101101000100000
0110110001000100000
0110110101000000100
0110110101100100000
0110111001100100000
0110111101100100000
0111000001100000100
0111000010000100000
0111000110000100000
0111001010000100000
0111001110000000100
0111001110100100000
0111010010100100000
0111010110100100000
0111011010100000100
0111011011000100000
0111011111000100000
0111100011000100000
0111100111000000100
0111100111100100000
0111101011100100000
0111101111100100000
0111110011100000100
0111110100000100000
0111111000000100000
0111111100000100000
1000000000000000100
1000000000100100000
1000000100100100000
1000001000100100000
1000001100100000100
1000001101000100000
1000010001000100000
1000010101000100000
1000011001000000100
1000011001100100000
1000011101100100000
1000100001100100000
1000100101100000100
1000100110000100000
1000101010000100000
1000101110000100000
1000110010000000100
1000110010100100000
1000110110100100000
1000111010100100000
1000111110100000100
1000111111000100000
1001000011000100000
1001000111000100000
1001001011000000100
1001001011100100000
1001001111100100000
1001010011100100000
1001010111100000100
1001011000000100000
1001011100000100000
1001100000000100000
1001100100000000100
1001100100100100000
1001101000100100000
1001101100100100000
1001110000100000100
1001110001000100000
1001110101000100000
1001111001000100000
1001111101000000100
1001111101100100000
1010000001100100000
1010000101100100000
1010001001100000100
1010001010000100000
1010001110000100000
1010010010000100000
1010010110000000100
1010010110100100000
1010011010100100000
1010011110100100000
1010100010100000100
1010100011000100000
1010100111000100000
1010101011000100000
1010101111000000100
1010101111100100000
1010110011100100000
1010110111100100000
1010111011100000100
1010111100000100000
1011000000000100000
1011000100000100000
1011001000000000100
1011001000100100000
1011001100100100000
1011010000100100000
1011010100100000100
1011010101000100000
1011011001000100000
1011011101000100000
1011100001000000100
1011100001100100000
1011100101100100000
1011101001100100000
1011101101100000100
1011101110000100000
1011110010000100000
1011110110000100000
1011111010000000100
1011111010100100000
1011111110100100000
1100000010100100000
1100000110100000100
1100000111000100000
1100001011000100000
1100001111000100000
1100010011000000100
1100010011100100000
1100010111100100000
1100011011100100000
1100011111100000100
0000000000000100000
0000000100000100000
0000001000000100000
0000001100000000100
0000001100100100000
0000010000100100000
0000010100100100000
0000011000100000100
0000011001000100000
0000011101000100000
0000100001000100000
0000100101000000100
0000100101100100000
0000101001100100000
0000101101100100000
0000110001100000100
0000110010000100000
0000110110000100000
0000111010000100000
0000111110000000100
0000111110100100000
0001000010100100000
0001000110100100000
0001001010100000100
0001001011000100000
0001001111000100000
0001010011000100000
0001010111000000100
0001010111100100000
0001011011100100000
0001011111100100000
0001100011100000100
0001100100000100000
0001101000000100000
0001101100000100000
0001110000000000100
0001110000100100000
0001110100100100000
0001111000100100000
0001111100100000100
0001111101000100000
0010000001000100000
0010000101000100000
0010001001000000100
0010001001100100000
0010001101100100000
0010010001100100000
0010010101100000100
0010010110000100000
0010011010000100000
0010011110000100000
0010100010000000100
0010100010100100000
0010100110100100000
0010101010100100000
0010101110100000100
0010101111000100000
0010110011000100000
0010110111000100000
0010111011000000100
0010111011100100000
0010111111100100000
0011000011100100000
0011000111100000100
0011001000000100000
0011001100000100000
0011010000000100000
0011010100000000100
0011010100100100000
0011011000100100000
0011011100100100000
0011100000100000100
0011100001000100000
0011100101000100000
0011101001000100000
0011101101000000100
0011101101100100000
0011110001100100000
0011110101100100000
0011111001100000100
0011111010000100000
0011111110000100000
0100000010000100000
0100000110000000100
0100000110100100000
0100001010100100000
0100001110100100000
0100010010100000100
0100010011000100000
0100010111000100000
0100011011000100000
0100011111000000100
0100011111100100000
0100100011100100000
0100100111100100000
0100101011100000100
0100101100000100000
0100110000000100000
0100110100000100000
0100111000000000100
0100111000100100000
0100111100100100000
0101000000100100000
0101000100100000100
0101000101000100000
0101001001000100000
0101001101000100000
0101010001000000100
0101010001100100000
0101010101100100000
0101011001100100000
0101011101100000100
0101011110000100000
0101100010000100000
0101100110000100000
0101101010000000100
0101101010100100000
0101101110100100000
0101110010100100000
0101110110100000100
0101110111000100000
0101111011000100000
0101111111000100000
0110000011000000100
0110000011100100000
0110000111100100000
0110001011100100000
0110001111100000100
0110010000000100000
0110010100000100000
0110011000000100000
0110011100000000100
0110011100100100000
0110100000100100000
0110100100100100000
0110101000100000100
0110101001000100000
0110101101000100000
0110110001000100000
0110110101000000100
0110110101100100000
0110111001100100000
0110111101100100000
0111000001100000100
0111000010000100000
0111000110000100000
0111001010000100000
0111001110000000100
0111001110100100000
0111010010100100000
0111010110100100000
0111011010100000100
0111011011000100000
0111011111000100000
0111100011000100000
0111100111000000100
0111100111100100000
0111101011100100000
0111101111100100000
0111110011100000100
0111110100000100000
0111111000000100000
0111111100000100000
1000000000000000100
1000000000100100000
1000000100100100000
1000001000100100000
1000001100100000100
1000001101000100000
1000010001000100000
1000010101000100000
1000011001000000100
1000011001100100000
1000011101100100000
1000100001100100000
1000100101100000100
1000100110000100000
1000101010000100000
1000101110000100000
1000110010000000100
1000110010100100000
1000110110100100000
1000111010100100000
1000111110100000100
1000111111000100000
1001000011000100000
1001000111000100000
1001001011000000100
1001001011100100000
1001001111100100000
1001010011100100000
1001010111100000100
1001011000000100000
1001011100000100000
1001100000000100000
1001100100000000100
1001100100100100000
1001101000100100000
1001101100100100000
1001110000100000100
1001110001000100000
1001110101000100000
1001111001000100000
1001111101000000100
1001111101100100000
1010000001100100000
1010000101100100000
1010001001100000100
1010001010000100000
1010001110000100000
1010010010000100000
1010010110000000100
1010010110100100000
1010011010100100000
1010011110100100000
1010100010100000100
1010100011000100000
1010100111000100000
1010101011000100000
1010101111000000100
1010101111100100000
1010110011100100000
1010110111100100000
1010111011100000100
1010111100000100000
1011000000000100000
1011000100000100000
1011001000000000100
1011001000100100000
1011001100100100000
1011010000100100000
1011010100100000100
1011010101000100000
1011011001000100000
1011011101000100000
1011100001000000100
1011100001100100000
1011100101100100000
1011101001100100000
1011101101100000100
1011101110000100000
1011110010000100000
1011110110000100000
1011111010000000100
1011111010100100000
1011111110100100000
1100000010100100000
1100000110100000100
1100000111000100000
1100001011000100000
1100001111000100000
1100010011000000100
1100010011100100000
1100010111100100000
1100011011100100000
1100011111100000100
0000000000000100000
0000000100000100000
0000001000000100000
0000001100000000100
0000001100100100000
0000010000100100000
0000010100100100000
0000011000100000100
0000011001000100000
0000011101000100000
0000100001000100000
0000100101000000100
0000100101100100000
0000101001100100000
0000101101100100000
0000110001100000100
0000110010000100000
0000110110000100000
0000111010000100000
0000111110000000100
0000111110100100000
0001000010100100000
0001000110100100000
0001001010100000100
0001001011000100000
0001001111000100000
0001010011000100000
0001010111000000100
0001010111100100000
0001011011100100000
0001011111100100000
0001100011100000100
0001100100000100000
0001101000000100000
0001101100000100000
0001110000000000100
0001110000100100000
0001110100100100000
0001111000100100000
0001111100100000100
0001111101000100000
0010000001000100000
0010000101000100000
0010001001000000100
0010001001100100000
0010001101100100000
0010010001100100000
0010010101100000100
0010010110000100000
0010011010000100000
0010011110000100000
0010100010000000100
0010100010100100000
0010100110100100000
0010101010100100000
0010101110100000100
0010101111000100000
0010110011000100000
0010110111000100000
0010111011000000100
0010111011100100000
0010111111100100000
0011000011100100000
0011000111100000100
0011001000000100000
0011001100000100000
0011010000000100000
0011010100000000100
0011010100100100000
0011011000100100000
0011011100100100000
0011100000100000100
0011100001000100000
0011100101000100000
0011101001000100000
0011101101000000100
0011101101100100000
0011110001100100000
0011110101100100000
0011111001100000100
0011111010000100000
0011111110000100000
0100000010000100000
0100000110000000100
0100000110100100000
0100001010100100000
0100001110100100000
0100010010100000100
0100010011000100000
0100010111000100000
0100011011000100000
0100011111000000100
0100011111100100000
0100100011100100000
0100100111100100000
0100101011100000100
0100101100000100000
0100110000000100000
0100110100000100000
0100111000000000100
0100111000100100000
0100111100100100000
0101000000100100000
0101000100100000100
0101000101000100000
0101001001000100000
0101001101000100000
0101010001000000100
0101010001100100000
0101010101100100000
0101011001100100000
0101011101100000100
0101011110000100000
0101100010000100000
0101100110000100000
0101101010000000100
0101101010100100000
0101101110100100000
0101110010100100000
0101110110100000100
0101110111000100000
0101111011000100000
0101111111000100000
0110000011000000100
0110000011100100000
0110000111100100000
0110001011100100000
0110001111100000100
0110010000000100000
0110010100000100000
0110011000000100000
0110011100000000100
0110011100100100000
0110100000100100000
0110100100100100000
0110101000100000100
0110101001000100000
0110101101000100000
0110110001000100000
0110110101000000100
0110110101100100000
0110111001100100000
0110111101100100000
0111000001100000100
0111000010000100000
0111000110000100000
0111001010000100000
0111001110000000100
0111001110100100000
0111010010100100000
0111010110100100000
0111011010100000100
0111011011000100000
0111011111000100000
0111100011000100000
0111100111000000100
0111100111100100000
0111101011100100000
0111101111100100000
0111110011100000100
0111110100000100000
0111111000000100000
0111111100000100000
1000000000000000100
1000000000100100000
1000000100100100000
1000001000100100000
1000001100100000100
1000001101000100000
1000010001000100000
1000010101000100000
1000011001000000100
1000011001100100000
1000011101100100000
1000100001100100000
1000100101100000100
1000100110000100000
1000101010000100000
1000101110000100000
1000110010000000100
1000110010100100000
1000110110100100000
1000111010100100000
1000111110100000100
1000111111000100000
1001000011000100000
1001000111000100000
1001001011000000100
1001001011100100000
1001001111100100000
1001010011100100000
1001010111100000100
1001011000000100000
1001011100000100000
1001100000000100000
1001100100000000100
1001100100100100000
1001101000100100000
1001101100100100000
1001110000100000100
1001110001000100000
1001110101000100000
1001111001000100000
1001111101000000100
1001111101100100000
1010000001100100000
1010000101100100000
1010001001100000100
1010001010000100000
1010001110000100000
1010010010000100000
1010010110000000100
1010010110100100000
1010011010100100000
1010011110100100000
1010100010100000100
1010100011000100000
1010100111000100000
1010101011000100000
1010101111000000100
1010101111100100000
1010110011100100000
1010110111100100000
1010111011100000100
1010111100000100000
1011000000000100000
1011000100000100000
1011001000000000100
1011001000100100000
1011001100100100000
1011010000100100000
1011010100100000100
1011010101000100000
1011011001000100000
1011011101000100000
1011100001000000100
1011100001100100000
1011100101100100000
1011101001100100000
1011101101100000100
1011101110000100000
1011110010000100000
1011110110000100000
1011111010000000100
1011111010100100000
1011111110100100000
1100000010100100000
1100000110100000100
1100000111000100000
1100001011000100000
1100001111000100000
1100010011000000100
1100010011100100000
1100010111100100000
1100011011100100000
1100011111100000100
0000000000000100000
0000000100000100000
0000001000000100000
0000001100000000100
0000001100100100000
0000010000100100000
0000010100100100000
0000011000100000100
0000011001000100000
0000011101000100000
0000100001000100000
0000100101000000100
0000100101100100000
0000101001100100000
0000101101100100000
0000110001100000100
0000110010000100000
0000110110000100000
0000111010000100000
0000111110000000100
0000111110100100000
0001000010100100000
0001000110100100000
0001001010100000100
0001001011000100000
0001001111000100000
0001010011000100000
0001010111000000100
0001010111100100000
0001011011100100000
0001011111100100000
0001100011100000100
0001100100000100000
0001101000000100000
0001101100000100000
0001110000000000100
0001110000100100000
0001110100100100000
0001111000100100000
0001111100100000100
0001111101000100000
0010000001000100000
0010000101000100000
0010001001000000100
0010001001100100000
0010001101100100000
0010010001100100000
0010010101100000100
0010010110000100000
0010011010000100000
0010011110000100000
0010100010000000100
0010100010100100000
0010100110100100000
0010101010100100000
0010101110100000100
0010101111000100000
0010110011000100000
0010110111000100000
0010111011000000100
0010111011100100000
0010111111100100000
0011000011100100000
0011000111100000100
0011001000000100000
0011001100000100000
0011010000000100000
0011010100000000100
0011010100100100000
0011011000100100000
0011011100100100000
0011100000100000100
0011100001000100000
0011100101000100000
0011101001000100000
0011101101000000100
0011101101100100000
0011110001100100000
0011110101100100000
0011111001100000100
0011111010000100000
0011111110000100000
0100000010000100000
0100000110000000100
0100000110100100000
0100001010100100000
0100001110100100000
0100010010100000100
0100010011000100000
0100010111000100000
0100011011000100000
0100011111000000100
0100011111100100000
0100100011100100000
0100100111100100000
0100101011100000100
0100101100000100000
0100110000000100000
0100110100000100000
0100111000000000100
0100111000100100000
0100111100100100000
0101000000100100000
0101000100100000100
0101000101000100000
0101001001000100000
0101001101000100000
0101010001000000100
0101010001100100000
0101010101100100000
0101011001100100000
0101011101100000100
0101011110000100000
0101100010000100000
0101100110000100000
0101101010000000100
0101101010100100000
0101101110100100000
0101110010100100000
0101110110100000100
0101110111000100000
0101111011000100000
0101111111000100000
0110000011000000100
0110000011100100000
0110000111100100000
0110001011100100000
0110001111100000100
0110010000000100000
0110010100000100000
0110011000000100000
0110011100000000100
0110011100100100000
0110100000100100000
0110100100100100000
0110101000100000100
0110101001000100000
0110101101000100000
0110110001000100000
0110110101000000100
0110110101100100000
0110111001100100000
0110111101100100000
0111000001100000100
0111000010000100000
0111000110000100000
0111001010000100000
0111001110000000100
0111001110100100000
0111010010100100000
0111010110100100000
0111011010100000100
0111011011000100000
0111011111000100000
0111100011000100000
0111100111000000100
0111100111100100000
0111101011100100000
0111101111100100000
0111110011100000100
0111110100000100000
0111111000000100000
0111111100000100000
1000000000000000100
1000000000100100000
1000000100100100000
1000001000100100000
1000001100100000100
1000001101000100000
1000010001000100000
1000010101000100000
1000011001000000100
1000011001100100000
1000011101100100000
1000100001100100000
1000100101100000100
1000100110000100000
1000101010000100000
1000101110000100000
1000110010000000100
1000110010100100000
1000110110100100000
1000111010100100000
1000111110100000100
1000111111000100000
1001000011000100000
1001000111000100000
1001001011000000100
1001001011100100000
1001001111100100000
1001010011100100000
1001010111100000100
1001011000000100000
1001011100000100000
1001100000000100000
1001100100000000100
1001100100100100000
1001101000100100000
1001101100100100000
1001110000100000100
1001110001000100000
1001110101000100000
1001111001000100000
1001111101000000100
1001111101100100000
1010000001100100000
1010000101100100000
1010001001100000100
1010001010000100000
1010001110000100000
1010010010000100000
1010010110000000100
1010010110100100000
1010011010100100000
1010011110100100000
1010100010100000100
1010100011000100000
1010100111000100000
1010101011000100000
1010101111000000100
1010101111100100000
1010110011100100000
1010110111100100000
1010111011100000100
1010111100000100000
1011000000000100000
1011000100000100000
1011001000000000100
1011001000100100000
1011001100100100000
1011010000100100000
1011010100100000100
1011010101000100000
1011011001000100000
1011011101000100000
1011100001000000100
1011100001100100000
1011100101100100000
1011101001100100000
1011101101100000100
1011101110000100000
1011110010000100000
1011110110000100000
1011111010000000100
1011111010100100000
1011111110100100000
1100000010100100000
1100000110100000100
1100000111000100000
1100001011000100000
1100001111000100000
1100010011000000100
1100010011100100000
1100010111100100000
1100011011100100000
1100011111100000100
0000000000000100000
0000000100000100000
0000001000000100000
0000001100000000100
0000001100100100000
0000010000100100000
0000010100100100000
0000011000100000100
0000011001000100000
0000011101000100000
0000100001000100000
0000100101000000100
0000100101100100000
0000101001100100000
0000101101100100000
0000110001100000100
0000110010000100000
0000110110000100000
0000111010000100000
0000111110000000100
0000111110100100000
0001000010100100000
0001000110100100000
0001001010100000100
0001001011000100000
0001001111000100000
0001010011000100000
0001010111000000100
0001010111100100000
0001011011100100000
0001011111100100000
0001100011100000100
0001100100000100000
0001101000000100000
0001101100000100000
0001110000000000100
0001110000100100000
0001110100100100000
0001111000100100000
0001111100100000100
0001111101000100000
0010000001000100000
0010000101000100000
0010001001000000100
0010001001100100000
0010001101100100000
0010010001100100000
0010010101100000100
0010010110000100000
0010011010000100000
0010011110000100000
0010100010000000100
0010100010100100000
0010100110100100000
0010101010100100000
0010101110100000100
0010101111000100000
0010110011000100000
0010110111000100000
0010111011000000100
0010111011100100000
0010111111100100000
0011000011100100000
0011000111100000100
0011001000000100000
0011001100000100000
0011010000000100000
0011010100000000100
0011010100100100000
0011011000100100000
0011011100100100000
0011100000100000100
0011100001000100000
0011100101000100000
0011101001000100000
0011101101000000100
0011101101100100000
0011110001100100000
0011110101100100000
0011111001100000100
0011111010000100000
0011111110000100000
0100000010000100000
0100000110000000100
0100000110100100000
0100001010100100000
0100001110100100000
0100010010100000100
0100010011000100000
0100010111000100000
0100011011000100000
0100011111000000100
0100011111100100000
0100100011100100000
0100100111100100000
0100101011100000100
0100101100000100000
0100110000000100000
0100110100000100000
0100111000000000100
0100111000100100000
0100111100100100000
0101000000100100000
0101000100100000100
0101000101000100000
0101001001000100000
0101001101000100000
0101010001000000100
0101010001100100000
0101010101100100000
0101011001100100000
0101011101100000100
0101011110000100000
0101100010000100000
0101100110000100000
0101101010000000100
0101101010100100000
0101101110100100000
0101110010100100000
0101110110100000100
0101110111000100000
0101111011000100000
0101111111000100000
0110000011000000100
0110000011100100000
0110000111100100000
0110001011100100000
0110001111100000100
0110010000000100000
0110010100000100000
0110011000000100000
0110011100000000100
0110011100100100000
0110100000100100000
0110100100100100000
0110101000100000100
0110101001000100000
0110101101000100000
0110110001000100000
0110110101000000100
0110110101100100000
0110111001100100000
0110111101100100000
0111000001100000100
0111000010000100000
0111000110000100000
0111001010000100000
0111001110000000100
0111001110100100000
0111010010100100000
0111010110100100000
0111011010100000100
0111011011000100000
0111011111000100000
0111100011000100000
0111100111000000100
0111100111100100000
0111101011100100000
0111101111100100000
0111110011100000100
0111110100000100000
0111111000000100000
0111111100000100000
1000000000000000100
1000000000100100000
1000000100100100000
1000001000100100000
1000001100100000100
1000001101000100000
1000010001000100000
1000010101000100000
1000011001000000100
1000011001100100000
1000011101100100000
1000100001100100000
1000100101100000100
1000100110000100000
1000101010000100000
1000101110000100000
1000110010000000100
1000110010100100000
1000110110100100000
1000111010100100000
1000111110100000100
1000111111000100000
1001000011000100000
1001000111000100000
1001001011000000100
1001001011100100000
1001001111100100000
1001010011100100000
1001010111100000100
1001011000000100000
1001011100000100000
1001100000000100000
1001100100000000100
1001100100100100000
1001101000100100000
1001101100100100000
1001110000100000100
1001110001000100000
1001110101000100000
1001111001000100000
1001111101000000100
1001111101100100000
1010000001100100000
1010000101100100000
1010001001100000100
1010001010000100000
1010001110000100000
1010010010000100000
1010010110000000100
1010010110100100000
1010011010100100000
1010011110100100000
1010100010100000100
1010100011000100000
1010100111000100000
1010101011000100000
1010101111000000100
1010101111100100000
1010110011100100000
1010110111100100000
1010111011100000100
1010111100000100000
1011000000000100000
1011000100000100000
1011001000000000100
1011001000100100000
1011001100100100000
1011010000100100000
1011010100100000100
1011010101000100000
1011011001000100000
1011011101000100000
1011100001000000100
1011100001100100000
1011100101100100000
1011101001100100000
1011101101100000100
1011101110000100000
1011110010000100000
1011110110000100000
1011111010000000100
1011111010100100000
1011111110100100000
1100000010100100000
1100000110100000100
1100000111000100000
1100001011000100000
1100001111000100000
1100010011000000100
1100010011100100000
1100010111100100000
1100011011100100000
1100011111100000100
0000000000000100000
0000000100000100000
0000001000000000110
0000001000110100000
0000001100110100000
0000010000110000110
0000010001100000000
0000010001100000000
0000010001100000110
0000010010010100000
0000010110010100000
0000011010010000110
0000011011000100000
0000011111000100000
0000100011000000110
0000100011110000000
0000100011110000000
0000100011110000110
0000100100100100000
0000101000100100000
0000101100100000110
0000101101010100000
0000110001010100000
0000110101010000110
0000110110000000000
0000110110000000000
0000110110000000110
0000110110110100000
0000111010110100000
0000111110110000110
0000111111100100000
0001000011100100000
0001000111100000110
0001001000010000000
0001001000010000000
0001001000010000110
0001001001000100000
0001001101000100000
0001010001000000110
0001010001110100000
0001010101110100000
0001011001110000110
0001011010100000000
0001011010100000000
0001011010100000110
0001011011010100000
0001011111010100000
0001100011010000110
0001100100000100000
0001101000000100000
0001101100000000110
0001101100110000000
0001101100110000000
0001101100110000110
0001101101100100000
0001110001100100000
0001110101100000110
0001110110010100000
0001111010010100000
0001111110010000110
0001111111000000000
0001111111000000000
0001111111000000110
0001111111110100000
0010000011110100000
0010000111110000110
0010001000100100000
0010001100100100000
0010010000100000110
0010010001010000000
0010010001010000000
0010010001010000110
0010010010000100000
0010010110000100000
0010011010000000110
0010011010110100000
0010011110110100000
0010100010110000110
0010100011100000000
0010100011100000000
0010100011100000110
0010100100010100000
0010101000010100000
0010101100010000110
0010101101000100000
0010110001000100000
0010110101000000110
0010110101110000000
0010110101110000000
0010110101110000110
0010110110100100000
0010111010100100000
0010111110100000110
0010111111010100000
0011000011010100000
0011000111010000110
0011001000000000000
0011001000000000000
0011001000000000110
0011001000110100000
0011001100110100000
0011010000110000110
0011010001100100000
0011010101100100000
0011011001100000110
0011011010010000000
0011011010010000000
0011011010010000110
0011011011000100000
0011011111000100000
0011100011000000110
0011100011110100000
0011100111110100000
0011101011110000110
0011101100100000000
0011101100100000000
0011101100100000110
0011101101010100000
0011110001010100000
0011110101010000110
0011110110000100000
0011111010000100000
0011111110000000110
0011111110110000000
0011111110110000000
0011111110110000110
0011111111100100000
0100000011100100000
0100000111100000110
0100001000010100000
0100001100010100000
0100010000010000110
0100010001000000000
0100010001000000000
0100010001000000110
0100010001110100000
0100010101110100000
0100011001110000110
0100011010100100000
0100011110100100000
0100100010100000110
0100100011010000000
0100100011010000000
0100100011010000110
0100100100000100000
0100101000000100000
0100101100000000110
0100101100110100000
0100110000110100000
0100110100110000110
0100110101100000000
0100110101100000000
0100110101100000110
0100110110010100000
0100111010010100000
0100111110010000110
0100111111000100000
0101000011000100000
0101000111000000110
0101000111110000000
0101000111110000000
0101000111110000110
0101001000100100000
0101001100100100000
0101010000100000110
0101010001010100000
0101010101010100000
0101011001010000110
0101011010000000000
0101011010000000000
0101011010000000110
0101011010110100000
0101011110110100000
0101100010110000110
0101100011100100000
0101100111100100000
0101101011100000110
0101101100010000000
0101101100010000000
0101101100010000110
0101101101000100000
0101110001000100000
0101110101000000110
0101110101110100000
0101111001110100000
0101111101110000110
0101111110100000000
0101111110100000000
0101111110100000110
0101111111010100000
0110000011010100000
0110000111010000110
0110001000000100000
0110001100000100000
0110010000000000110
0110010000110000000
0110010000110000000
0110010000110000110
0110010001100100000
0110010101100100000
0110011001100000110
0110011010010100000
0110011110010100000
0110100010010000110
0110100011000000000
0110100011000000000
0110100011000000110
0110100011110100000
0110100111110100000
0110101011110000110
0110101100100100000
0110110000100100000
0110110100100000110
0110110101010000000
0110110101010000000
0110110101010000110
0110110110000100000
0110111010000100000
0110111110000000110
0110111110110100000
0111000010110100000
0111000110110000110
0111000111100000000
0111000111100000000
0111000111100000110
0111001000010100000
0111001100010100000
0111010000010000110
0111010001000100000
0111010101000100000
0111011001000000110
0111011001110000000
0111011001110000000
0111011001110000110
0111011010100100000
0111011110100100000
0111100010100000110
0111100011010100000
0111100111010100000
0111101011010000110
0111101100000000000
0111101100000000000
0111101100000000110
0111101100110100000
0111110000110100000
0111110100110000110
0111110101100100000
0111111001100100000
0111111101100000110
0111111110010000000
0111111110010000000
0111111110010000110
0111111111000100000
1000000011000100000
1000000111000000110
1000000111110100000
1000001011110100000
1000001111110000110
1000010000100000000
1000010000100000000
1000010000100000110
1000010001010100000
1000010101010100000
1000011001010000110
1000011010000100000
1000011110000100000
1000100010000000110
1000100010110000000
1000100010110000000
1000100010110000110
1000100011100100000
1000100111100100000
1000101011100000110
1000101100010100000
1000110000010100000
1000110100010000110
1000110101000000000
1000110101000000000
1000110101000000110
1000110101110100000
1000111001110100000
1000111101110000110
1000111110100100000
1001000010100100000
1001000110100000110
1001000111010000000
1001000111010000000
1001000111010000110
0000000000000100000
0000000100000100000
0000001000000100000
0000001100000100000
0000010000000100000
0000010100000100000
0000011000000000000
0000011000000000000
0000011000000000110
0000011000110100000
0000011100110100000
0000100000110100000
0000100100110100000
0000101000110100000
0000101100110100000
0000110000110000000
0000110000110000000
0000110000110000110
0000110001100100000
0000110101100100000
0000111001100100000
0000111101100100000
0001000001100100000
0001000101100100000
0001001001100000000
0001001001100000000
0001001001100000110
0001001010010100000
0001001110010100000
0001010010010100000
0001010110010100000
0001011010010100000
0001011110010100000
0001100010010000000
0001100010010000000
0001100010010000110
0001100011000100000
0001100111000100000
0001101011000100000
0001101111000100000
0001110011000100000
0001110111000100000
0001111011000000000
0001111011000000000
0001111011000000110
0001111011110100000
0001111111110100000
0010000011110100000
0010000111110100000
0010001011110100000
0010001111110100000
0010010011110000000
0010010011110000000
0010010011110000110
0010010100100100000
0010011000100100000
0010011100100100000
0010100000100100000
0010100100100100000
0010101000100100000
0010101100100000000
0010101100100000000
0010101100100000110
0010101101010100000
0010110001010100000
0010110101010100000
0010111001010100000
0010111101010100000
0011000001010100000
0011000101010000000
0011000101010000000
0011000101010000110
0011000110000100000
0011001010000100000
0011001110000100000
0011010010000100000
0011010110000100000
0011011010000100000
0011011110000000000
0011011110000000000
0011011110000000110
0011011110110100000
0011100010110100000
0011100110110100000
0011101010110100000
0011101110110100000
0011110010110100000
0011110110110000000
0011110110110000000
0011110110110000110
0011110111100100000
0011111011100100000
0011111111100100000
0100000011100100000
0100000111100100000
0100001011100100000
0100001111100000000
0100001111100000000
0100001111100000110
0100010000010100000
0100010100010100000
0100011000010100000
0100011100010100000
0100100000010100000
0100100100010100000
0100101000010000000
0100101000010000000
0100101000010000110
0100101001000100000
0100101101000100000
0100110001000100000
0100110101000100000
0100111001000100000
0100111101000100000
0101000001000000000
0101000001000000000
0101000001000000110
0101000001110100000
0101000101110100000
0101001001110100000
0101001101110100000
0101010001110100000
0101010101110100000
0101011001110000000
0101011001110000000
0101011001110000110
0101011010100100000
0101011110100100000
0101100010100100000
0101100110100100000
0101101010100100000
0101101110100100000
0101110010100000000
0101110010100000000
0101110010100000110
0101110011010100000
0101110111010100000
0101111011010100000
0101111111010100000
0110000011010100000
0110000111010100000
0110001011010000000
0110001011010000000
0110001011010000110
0110001100000100000
0110010000000100000
0110010100000100000
0110011000000100000
0110011100000100000
0110100000000100000
0110100100000000000
0110100100000000000
0110100100000000110
0110100100110100000
0110101000110100000
0110101100110100000
0110110000110100000
0110110100110100000
0110111000110100000
0110111100110000000
0110111100110000000
0110111100110000110
0110111101100100000
0111000001100100000
0111000101100100000
0111001001100100000
0111001101100100000
0111010001100100000
0111010101100000000
0111010101100000000
0111010101100000110
0111010110010100000
0111011010010100000
0111011110010100000
0111100010010100000
0111100110010100000
0111101010010100000
0111101110010000000
0111101110010000000
0111101110010000110
0111101111000100000
0111110011000100000
0111110111000100000
0111111011000100000
0111111111000100000
1000000011000100000
1000000111000000000
1000000111000000000
1000000111000000110
1000000111110100000
1000001011110100000
1000001111110100000
1000010011110100000
1000010111110100000
1000011011110100000
1000011111110000000
1000011111110000000
1000011111110000110
1000100000100100000
1000100100100100000
1000101000100100000
1000101100100100000
1000110000100100000
1000110100100100000
1000111000100000000
1000111000100000000
1000111000100000110
1000111001010100000
1000111101010100000
1001000001010100000
1001000101010100000
1001001001010100000
1001001101010100000
1001010001010000000
1001010001010000000
1001010001010000110
1001010010000100000
1001010110000100000
1001011010000100000
1001011110000100000
1001100010000100000
1001100110000100000
1001101010000000000
1001101010000000000
1001101010000000110
1001101010110100000
1001101110110100000
1001110010110100000
1001110110110100000
1001111010110100000
1001111110110100000
1010000010110000000
1010000010110000000
1010000010110000110
1010000011100100000
1010000111100100000
1010001011100100000
1010001111100100000
1010010011100100000
1010010111100100000
1010011011100000000
1010011011100000000
1010011011100000110
1010011100010100000
1010100000010100000
1010100100010100000
1010101000010100000
1010101100010100000
1010110000010100000
1010110100010000000
1010110100010000000
1010110100010000110
1010110101000100000
1010111001000100000
1010111101000100000
1011000001000100000
1011000101000100000
1011001001000100000
1011001101000000000
1011001101000000000
1011001101000000110
1011001101110100000
1011010001110100000
1011010101110100000
1011011001110100000
1011011101110100000
1011100001110100000
1011100101110000000
1011100101110000000
1011100101110000110
1011100110100100000
1011101010100100000
1011101110100100000
1011110010100100000
1011110110100100000
1011111010100100000
1011111110100000000
1011111110100000000
1011111110100000110
1011111111010100000
1100000011010100000
1100000111010100000
1100001011010100000
1100001111010100000
1100010011010100000
1100010111010000000
1100010111010000000
1100010111010000110
0000000000000100000
0000000100000100000
0000001000000000110
0000001000110100000
0000001100110100000
0000010000110000110
0000010001100100000
0000010101100100000
0000011001100000110
0000011010010100000
0000011110010100000
0000100010010000110
0000100011000100000
0000100111000100000
0000101011000000110
0000101011110100000
0000101111110100000
0000110011110000110
0000110100100100000
0000111000100100000
0000111100100000110
0000111101010100000
0001000001010100000
0001000101010000110
0001000110000100000
0001001010000100000
0001001110000000110
0001001110110100000
0001010010110100000
0001010110110000110
0001010111100100000
0001011011100100000
0001011111100000110
0001100000010100000
0001100100010100000
0001101000010000110
0001101001000100000
0001101101000100000
0001110001000000110
0001110001110100000
0001110101110100000
0001111001110000110
0001111010100100000
0001111110100100000
0010000010100000110
0010000011010100000
0010000111010100000
0010001011010000110
0010001100000100000
0010010000000100000
0010010100000000110
0010010100110100000
0010011000110100000
0010011100110000110
0010011101100100000
0010100001100100000
0010100101100000110
0010100110010100000
0010101010010100000
0010101110010000110
0010101111000100000
0010110011000100000
0010110111000000110
0010110111110100000
0010111011110100000
0010111111110000110
0011000000100100000
0011000100100100000
0011001000100000110
0011001001010100000
0011001101010100000
0011010001010000110
0011010010000100000
0011010110000100000
0011011010000000110
0011011010110100000
0011011110110100000
0011100010110000110
0011100011100100000
0011100111100100000
0011101011100000110
0011101100010100000
0011110000010100000
0011110100010000110
0011110101000100000
0011111001000100000
0011111101000000110
0011111101110100000
0100000001110100000
0100000101110000110
0100000110100100000
0100001010100100000
0100001110100000110
0100001111010100000
0100010011010100000
0100010111010000110
0100011000000100000
0100011100000100000
0100100000000000110
0100100000110100000
0100100100110100000
0100101000110000110
0100101001100100000
0100101101100100000
0100110001100000110
0100110010010100000
0100110110010100000
0100111010010000110
0100111011000100000
0100111111000100000
0101000011000000110
0101000011110100000
0101000111110100000
0101001011110000110
0101001100100100000
0101010000100100000
0101010100100000110
0101010101010100000
0101011001010100000
0101011101010000110
0101011110000100000
0101100010000100000
0101100110000000110
0101100110110100000
0101101010110100000
0101101110110000110
0101101111100100000
0101110011100100000
0101110111100000110
0101111000010100000
0101111100010100000
0110000000010000110
0110000001000100000
0110000101000100000
0110001001000000110
0110001001110100000
0110001101110100000
0110010001110000110
0110010010100100000
0110010110100100000
0110011010100000110
0110011011010100000
0110011111010100000
0110100011010000110
0110100100000100000
0110101000000100000
0110101100000000110
0110101100110100000
0110110000110100000
0110110100110000110
0110110101100100000
0110111001100100000
0110111101100000110
0110111110010100000
0111000010010100000
0111000110010000110
0111000111000100000
0111001011000100000
0111001111000000110
0111001111110100000
0111010011110100000
0111010111110000110
0111011000100100000
0111011100100100000
0111100000100000110
0111100001010100000
0111100101010100000
0111101001010000110
0111101010000100000
0111101110000100000
0111110010000000110
0111110010110100000
0111110110110100000
0111111010110000110
0111111011100100000
0111111111100100000
1000000011100000110
1000000100010100000
1000001000010100000
1000001100010000110
1000001101000100000
1000010001000100000
1000010101000000110
1000010101110100000
1000011001110100000
1000011101110000110
1000011110100100000
1000100010100100000
1000100110100000110
1000100111010100000
1000101011010100000
1000101111010000110
1000110000000100000
1000110100000100000
1000111000000000110
1000111000110100000
1000111100110100000
1001000000110000110
1001000001100100000
1001000101100100000
1001001001100000110
1001001010010100000
1001001110010100000
1001010010010000110
1001010011000100000
1001010111000100000
1001011011000000110
1001011011110100000
1001011111110100000
1001100011110000110
1001100100100100000
1001101000100100000
1001101100100000110
1001101101010100000
1001110001010100000
1001110101010000110
1001110110000100000
1001111010000100000
1001111110000000110
1001111110110100000
1010000010110100000
1010000110110000110
1010000111100100000
1010001011100100000
1010001111100000110
1010010000010100000
1010010100010100000
1010011000010000110
1010011001000100000
1010011101000100000
1010100001000000110
1010100001110100000
1010100101110100000
1010101001110000110
1010101010100100000
1010101110100100000
1010110010100000110
1010110011010100000
1010110111010100000
1010111011010000110
1010111100000100000
1011000000000100000
1011000100000000110
1011000100110100000
1011001000110100000
1011001100110000110
1011001101100100000
1011010001100100000
1011010101100000110
1011010110010100000
1011011010010100000
1011011110010000110
1011011111000100000
1011100011000100000
1011100111000000110
1011100111110100000
1011101011110100000
1011101111110000110
1011110000100100000
1011110100100100000
1011111000100000110
1011111001010100000
1011111101010100000
1100000001010000110
1100000010000100000
1100000110000100000
1100001010000000110
1100001010110100000
1100001110110100000
1100010010110000110
1100010011100100000
1100010111100100000
1100011011100000110
1100011100010100000
1100100000010100000
1100100100010000110
1100100101000100000
1100101001000100000
1100101101000000110
1100101101110100000
1100110001110100000
1100110101110000110
1100110110100100000
1100111010100100000
1100111110100000110
1100111111010100000
1101000011010100000
1101000111010000110
0000000000000100000
0000000100000100000
0000001000000100000
0000001100000100000
0000010000000100000
0000010100000100000
0000011000000100000
0000011100000100000
0000100000000100000
0000100100000100000
0000101000000100000
0000101100000100000
0000110000000100000
0000110100000100000
0000111000000100000
0000111100000100000
0001000000000100000
0001000100000100000
0001001000000100000
0001001100000100000
0001010000000100000
0001010100000100000
0001011000000100000
0001011100000100000
0001100000000100000
0001100100000100000
0001101000000100000
0001101100000100000
0001110000000100000
0001110100000100000
0001111000000100000
0001111100000100000
0010000000000100000
0010000100000100000
0010001000000100000
0010001100000100000
0010010000000100000
0010010100000100000
0010011000000100000
0010011100000100000
0010100000000100000
0010100100000100000
0010101000000100000
0010101100000100000
0010110000000100000
0010110100000100000
0010111000000100000
0010111100000100000
0011000000000100000
0011000100000100000
0011001000000100000
0011001100000100000
0011010000000100000
0011010100000100000
0011011000000100000
0011011100000100000
0011100000000100000
0011100100000100000
0011101000000100000
0011101100000100000
0011110000000100000
0011110100000100000
0011111000000100000
0011111100000100000
0100000000000100000
0100000100000100000
0100001000000100000
0100001100000100000
0100010000000100000
0100010100000100000
0100011000000100000
0100011100000100000
0100100000000100000
0100100100000100000
0100101000000100000
0100101100000100000
0100110000000100000
0100110100000100000
0100111000000100000
0100111100000100000
0101000000000100000
0101000100000100000
0101001000000100000
0101001100000100000
0101010000000100000
0101010100000100000
0101011000000100000
0101011100000100000
0101100000000100000
0101100100000100000
0101101000000100000
0101101100000100000
0101110000000100000
0101110100000100000
0101111000000100000
0101111100000100000
0110000000000100000
0110000100000100000
0110001000000100000
0110001100000100000
0110010000000100000
0110010100000100000
0110011000000100000
0110011100000100000
0110100000000100000
0110100100000100000
0110101000000100000
0110101100000100000
0110110000000100000
0110110100000100000
0110111000000100000
0110111100000100000
0111000000000100000
0111000100000100000
0111001000000100000
0111001100000100000
0111010000000100000
0111010100000100000
0111011000000100000
0111011100000100000
0111100000000100000
0111100100000100000
0111101000000100000
0111101100000100000
0111110000000100000
0111110100000100000
0111111000000100000
0111111100000100000
1000000000000100000
1000000100000100000
1000001000000100000
1000001100000100000
1000010000000100000
1000010100000100000
1000011000000100000
1000011100000100000
1000100000000100000
1000100100000100000
1000101000000100000
1000101100000100000
1000110000000100000
1000110100000100000
1000111000000100000
1000111100000100000
0000000000000100000
0000000100000100000
0000001000000100000
0000001100000100000
0000010000000100000
0000010100000100000
0000011000000100000
0000011100000100000
0000100000000100000
0000100100000100000
0000101000000100000
0000101100000100000
0000110000000100000
0000110100000100000
0000111000000100000
0000111100000100000
0001000000000100000
0001000100000100000
0001001000000100000
0001001100000100000
0001010000000100000
0001010100000100000
0001011000000100000
0001011100000100000
0001100000000100000
0001100100000100000
0001101000000100000
0001101100000100000
0001110000000100000
0001110100000100000
0001111000000100000
0001111100000100000
0010000000000100000
0010000100000100000
0010001000000100000
0010001100000100000
0010010000000100000
0010010100000100000
0010011000000100000
0010011100000100000
0010100000000100000
0010100100000100000
0010101000000100000
0010101100000100000
0010110000000100000
0010110100000100000
0010111000000100000
0010111100000100000
0011000000000100000
0011000100000100000
0011001000000100000
0011001100000100000
0011010000000100000
0011010100000100000
0011011000000100000
0011011100000100000
0011100000000100000
0011100100000100000
0011101000000100000
0011101100000100000
0011110000000100000
0011110100000100000
0011111000000100000
0011111100000100000
0100000000000100000
0100000100000100000
0100001000000100000
0100001100000100000
0100010000000100000
0100010100000100000
0100011000000100000
0100011100000100000
0100100000000100000
0100100100000100000
0100101000000100000
0100101100000100000
0100110000000100000
0100110100000100000
0100111000000100000
0100111100000100000
0101000000000100000
0101000100000100000
0101001000000100000
0101001100000100000
0101010000000100000
0101010100000100000
0101011000000100000
0101011100000100000
0101100000000100000
0101100100000100000
0101101000000100000
0101101100000100000
0101110000000100000
0101110100000100000
0101111000000100000
0101111100000100000
0110000000000100000
0110000100000100000
0110001000000100000
0110001100000100000
0110010000000100000
0110010100000100000
0110011000000100000
0110011100000100000
0110100000000100000
0110100100000100000
0110101000000100000
0110101100000100000
0110110000000100000
0110110100000100000
0110111000000100000
0110111100000100000
0111000000000100000
0111000100000100000
0111001000000100000
0111001100000100000
0111010000000100000
0111010100000100000
0111011000000100000
0111011100000100000
0111100000000100000
0111100100000100000
0111101000000100000
0111101100000100000
0111110000000100000
0111110100000100000
0111111000000100000
0111111100000100000
1000000000000100000
1000000100000100000
1000001000000100000
1000001100000100000
1000010000000100000
1000010100000100000
1000011000000100000
1000011100000100000
1000100000000100000
1000100100000100000
1000101000000100000
1000101100000100000
1000110000000100000
1000110100000100000
1000111000000100000
1000111100000100000
0000000000000100000
0000000100000100000
0000001000000000110
0000001000110100000
0000001100110100000
0000010000110000110
0000010001100000000
0000010001100000000
0000010001100000110
0000010010010100000
0000010110010100000
0000011010010000110
0000011011000100000
0000011111000100000
0000100011000000110
0000100011110000000
0000100011110000000
0000100011110000110
0000100100100100000
0000101000100100000
0000101100100000110
0000101101010100000
0000110001010100000
0000110101010000110
0000110110000000000
0000110110000000000
0000110110000000110
0000110110110100000
0000111010110100000
0000111110110000110
0000111111100100000
0001000011100100000
0001000111100000110
0001001000010000000
0001001000010000000
0001001000010000110
0001001001000100000
0001001101000011111
0001010000111000110
0001010001101100000
0001010101101100000
0001011001101000110
0001011010011000000
0001011010011000000
0001011010011000110
0001011011001100000
0001011111001100000
0001100011001000110
0001100011111100000
0001100111111100000
0001101011111000110
0001101100101000000
0001101100101000000
0001101100101000110
0001101101011100000
0001110001011100000
0001110101011000110
0001110110001100000
0001111010001100000
0001111110001000110
0001111110111000000
0001111110111000000
0001111110111000110
0001111111101100000
0010000011101100000
0010000111101000110
0010001000011100000
0010001100011100000
0010010000011000110
0010010001001000000
0010010001001000000
0010010001001000110
0010010001111100000
0010010101111100000
0010011001111100000
0010011101111011111
0010100001110100000
0010100101110100000
0010101001110000000
0010101001110000000
0010101001110000110
0010101010100011110
0010101110010100000
0010110010010100000
0010110110010100000
0010111010010100000
0010111110010100000
0011000010010000000
0011000010010000000
0011000010010000110
0011000011000100000
0011000111000100000
0011001011000011111
0011001110111011111
0011010010110100000
0011010110110011111
0011011010101000000
0011011010101000000
0011011010101000110
0011011011011100000
0011011111011100000
0011100011011100000
0011100111011011111
0011101011010100000
0011101111010100000
0011110011010000000
0011110011010000000
0011110011010000110
0011110100000100000
0011111000000100000
0011111100000100000
0100000000000011111
0100000011111100000
0100000111111011111
0100001011110000000
0100001011110000000
0100001011110000110
0100001100100011111
0100010000011100000
0100010100011100000
0100011000011100000
0100011100011100000
0100100000011100000
0100100100011000000
0100100100011000000
0100100100011000110
0100100101001100000
0100101001001100000
0100101101001100000
0100110001001011111
0100110101000100000
0100111001000100000
0100111101000000000
0100111101000000000
0100111101000000110
0100111101110100000
0101000001110100000
0101000101110100000
0101001001110100000
0101001101110100000
0101010001110100000
0101010101110000000
0101010101110000000
0101010101110000110
0101010110100011111
0101011010011011111
0101011110010000110
0101011111000011111
0101100010111100000
0101100110111000110
0101100111101100000
0101101011101100000
0101101111101000110
0101110000011011111
0101110100010100000
0101111000010000110
0101111001000100000
0101111101000100000
0110000001000000110
0110000001110100000
0110000101110100000
0110001001110000110
0110001010100100000
0110001110100011111
0110010010011000110
0110010011001100000
0110010111001100000
0110011011001000110
0110011011111100000
0110011111111100000
0110100011111000110
0110100100101011111
0110101000100100000
0110101100100000110
0110101101010100000
0110110001010100000
0110110101010000110
0110110110000100000
0110111010000100000
0110111110000000110
0110111110110100000
0111000010110100000
0111000110110000110
0111000111100100000
0111001011100100000
0111001111100000110
0111010000010100000
0111010100010100000
0111011000010000110
0111011001000011111
0111011100111100000
0111100000111000110
0111100001101100000
0111100101101100000
0111101001101000110
0111101010011100000
0111101110011100000
0111110010011000110
0111110011001100000
0111110111001100000
0111111011001000110
0111111011111100000
0111111111111100000
1000000011111000110
1000000100101100000
1000001000101100000
1000001100101000110
1000001101011100000
1000010001011100000
1000010101011000110
1000010110001100000
1000011010001100000
1000011110001000110
1000011110111100000
1000100010111100000
1000100110111000110
1000100111101011111
1000101011100100000
1000101111100011111
1000110011011100000
1000110111011100000
1000111011011100000
1000111111011011111
1001000011010100000
1001000111010100000
1001001011010011111
1001001111001100000
1001010011001011111
1001010111000100000
1001011011000100000
1001011111000100000
1001100011000011111
1001100110111100000
1001101010111011111
1001101110110011111
1001110010101100000
1001110110101011101
1001111010010011111
1001111110001100000
1010000010001100000
1010000110001011111
1010001010000100000
1010001110000100000
1010010010000011111
1010010101111100000
1010011001111011111
1010011101110011111
1010100001101100000
1010100101101100000
1010101001101100000
1010101101101100000
1010110001101100000
1010110101101011111
1010111001100011111
1010111101011011111
1011000001010100000
1011000101010100000
1011001001010100000
1011001101010100000
1011010001010100000
1011010101010100000
1011011001010011110
1011011101000100000
1011100001000011111
1011100100111100000
1011101000111100000
1011101100111100000
1011110000111011111
1011110100110100000
1011111000110100000
1011111100110100000
1100000000110100000
1100000100110100000
1100001000110100000
1100001100110100000
1100010000110100000
1100010100110100000
1100011000110100000
1100011100110100000
1100100000110011111
1100100100101100000
1100101000101100000
1100101100101100000
1100110000101100000
1100110100101100000
1100111000101100000
1100111100101100000
1101000000101100000
0000000000000011101
0000000011101011111
0000000111100011100
0000001011000011111
0000001110111100000
0000010010111011101
0000010110100011011
0000011001111011110
0000011101101011100
0000100001001011100
0000100100101100000
0000101000101011110
0000101100011011111
0000110000010100000
0000110100010011111
0000111000001011110
0000111011111011110
0000111111101011101
0000000000000000000
0000000000000000000
