001e0040
0013004b
0009005f
0004006e
0001007a
00000080
00000080
00000080
00000000
00000000
00000000
00010006
00040012
00090021
00130035
001e0040
00000080
00000000
00577000
00000000
00570000
00000000
00000000
00000000
00571000
00000000
00000000
00000000
00572000
00000000
00000000
00000000
00573000
00000000
00000000
00000000
00574000
00000000
00000000
00000000
00575000
00000000
00000000
00000000
00576000
00000000
00000000
00000000
001f0080
001c0084
0016008f
001000a1
000b00b5
000700c8
000500d6
000800c0
0003001c
0005002a
00070036
000b004b
0010005e
00160070
001c007c
001f007f
00000100
00000000
00577000
00000000
00570000
00000000
00000000
00000000
00571000
00000000
00000000
00000000
00572000
00000000
00000000
00000000
00573000
00000000
00000000
00000000
00574000
00000000
00000000
00000000
00575000
00000000
00000000
00000000
00576000
00000000
00000000
00000000
001f0100
001c0107
0016011e
00100142
000b016b
00070191
000501ac
0008017f
00030038
00050054
0007006d
000b0094
001000bd
001600e1
001c00f9
001f00ff
00000200
00000000
00577000
00000000
00570000
00000000
00000000
00000000
00571000
00000000
00000000
00000000
00572000
00000000
00000000
00000000
00573000
00000000
00000000
00000000
00574000
00000000
00000000
00000000
00575000
00000000
00000000
00000000
00576000
00000000
00000000
00000000
001f0200
001c020e
0016023e
00100284
000b02d6
00070323
00050359
000802fb
00030071
000500a8
000700db
000b0129
0010017b
001601c1
001c01f2
001f01ff
00000400
00000000
00577000
00000000
00570000
00000000
00000000
00000000
00571000
00000000
00000000
00000000
00572000
00000000
00000000
00000000
00573000
00000000
00000000
00000000
00574000
00000000
00000000
00000000
00575000
00000000
00000000
00000000
00576000
00000000
00000000
00000000
001f0400
001c041c
0016047c
00100508
000b05ad
0007064f
000506b2
000805f0
000300e3
00050150
000701b0
000b0252
001002f7
00160383
001c03e3
001f03ff
00000800
00000000
00577000
00000000
00570000
00000000
00000000
00000000
00571000
00000000
00000000
00000000
00572000
00000000
00000000
00000000
00573000
00000000
00000000
00000000
00574000
00000000
00000000
00000000
00575000
00000000
00000000
00000000
00576000
00000000
00000000
00000000
001f0800
001c083c
001608fa
00100a20
000b0b5e
00070ca0
00050d60
00030e38
000301c8
000502a1
0007035e
000b04a2
001005df
00160703
001c07c4
001f07ff
00001000
00000000
00577000
00000000
00570000
00000000
00000000
00000000
00571000
00000000
00000000
00000000
00572000
00000000
00000000
00000000
00573000
00000000
00000000
00000000
00574000
00000000
00000000
00000000
00575000
00000000
00000000
00000000
00576000
00000000
00000000
00000000
00200fff
001f1010
001d1050
001b10b0
00181167
00151255
0012136a
000f14b7
000f0b48
00120c95
00150dad
00180e97
001b0f4f
001d0fb0
001f0ff0
00201000
00002000
00000000
00577000
00000000
00570000
00000000
00000000
00000000
00571000
00000000
00000000
00000000
00572000
00000000
00000000
00000000
00573000
00000000
00000000
00000000
00574000
00000000
00000000
00000000
00575000
00000000
00000000
00000000
00576000
00000000
00000000
00000000
00201fff
00201ffe
001f2014
001f201f
001e2057
001c20ec
001b215c
001a21d9
001a1e27
001b1ea2
001c1f13
001e1fa9
001f1fe0
001f1fec
00202002
00202000
00004000
00000000
00577000
00000000
00570000
00000000
00000000
00000000
00571000
00000000
00000000
00000000
00572000
00000000
00000000
00000000
00573000
00000000
00000000
00000000
00574000
00000000
00000000
00000000
00575000
00000000
00000000
00000000
00576000
00000000
00000000
00000000
00610000
001a0047
00040073
00000080
00000080
00000080
00000080
00000080
0000ff80
0000ff80
0000ff80
0000ff80
0000ff80
0004ff8d
001affb9
00610000
00000080
0000ff80
00577000
00000000
00570000
00000000
00000000
00000000
00571000
00000000
00000000
00000000
00572000
00000000
00000000
00000000
00573000
00000000
00000000
00000000
00574000
00000000
00000000
00000000
00575000
00000000
00000000
00000000
00576000
00000000
00000000
00000000
00760000
004d0028
00250077
000f00ba
000600de
000200f2
000100fa
00000100
0000ff00
0000ff00
0002ff0e
0006ff21
000fff46
0025ff87
004dffd7
00760000
00000100
0000ff00
00577000
00000000
00570000
00000000
00000000
00000000
00571000
00000000
00000000
00000000
00572000
00000000
00000000
00000000
00573000
00000000
00000000
00000000
00574000
00000000
00000000
00000000
00575000
00000000
00000000
00000000
00576000
00000000
00000000
00000000
00760002
004d0056
002500f4
000f0175
000601bd
000201e4
000101f4
000001ff
0000fe00
0000fe00
0002fe1a
0006fe42
000ffe8a
0025ff07
004dffa9
0076fffc
00000200
0000fe00
00577000
00000000
00570000
00000000
00000000
00000000
00571000
00000000
00000000
00000000
00572000
00000000
00000000
00000000
00573000
00000000
00000000
00000000
00574000
00000000
00000000
00000000
00575000
00000000
00000000
00000000
00576000
00000000
00000000
00000000
00760007
004d00af
002501eb
000f02eb
0006037b
000203cb
000103e8
000003fe
0000fc01
0000fc00
0002fc35
0006fc85
000ffd14
0025fe13
004dff50
0076fffa
00000400
0000fc00
00577000
00000000
00570000
00000000
00000000
00000000
00571000
00000000
00000000
00000000
00572000
00000000
00000000
00000000
00573000
00000000
00000000
00000000
00574000
00000000
00000000
00000000
00575000
00000000
00000000
00000000
00576000
00000000
00000000
00000000
00760013
004d0165
002503d9
000f05e3
000606f5
00020794
000107cf
000007fc
0000f801
0000f80b
0002f86a
0006f905
000ffa1e
0025fc1e
004dfe98
0076ffec
00000800
0000f800
00577000
00000000
00570000
00000000
00000000
00000000
00571000
00000000
00000000
00000000
00572000
00000000
00000000
00000000
00573000
00000000
00000000
00000000
00574000
00000000
00000000
00000000
00575000
00000000
00000000
00000000
00576000
00000000
00000000
00000000
00760028
004f029e
002507a8
000f0bbc
00060df2
00020f2a
00010f9f
00000ff9
0000f003
0000f010
0002f0d1
0006f210
000ff440
0025f847
004dfd32
0076ffd9
00001000
0000f000
00577000
00000000
00570000
00000000
00000000
00000000
00571000
00000000
00000000
00000000
00572000
00000000
00000000
00000000
00573000
00000000
00000000
00000000
00574000
00000000
00000000
00000000
00575000
00000000
00000000
00000000
00576000
00000000
00000000
00000000
007d000a
006f0103
005903c5
0041082e
002c0d67
001d1221
001315e1
000c18e0
000ce71d
0013ea08
001dedea
002cf285
0041f7d2
0059fc3b
006ffefc
007dfff3
00002000
0000e000
00577000
00000000
00570000
00000000
00000000
00000000
00571000
00000000
00000000
00000000
00572000
00000000
00000000
00000000
00573000
00000000
00000000
00000000
00574000
00000000
00000000
00000000
00575000
00000000
00000000
00000000
00576000
00000000
00000000
00000000
007f0000
007b0053
00740133
006a0309
005f05e3
005209c3
00460e4a
003b133c
003becc6
0046f1be
0052f645
005ffa1c
006afcfa
0074fed5
007bffbf
007f0000
00004000
0000c000
00577000
00000000
00570000
00000000
00000000
00000000
00571000
00000000
00000000
00000000
00572000
00000000
00000000
00000000
00573000
00000000
00000000
00000000
00574000
00000000
00000000
00000000
00575000
00000000
00000000
00000000
00576000
00000000
00000000
00000000
